Rfd=3.23;
rload0=40;
rload2=0.02;
Rw=1;
Iv=12.09414785731247;
N20=0/1*3.23;
